1.000000 0.000000 0.000000 0.000000 
0.000000 1.000000 0.000000 0.000000 
0.000000 0.000000 1.000000 0.000000 
0.000000 0.000000 0.000000 1.000000 
0.000000 0.000000 0.000000 0.000000 
0.000000 0.000000 0.000000 0.000000 
0.000000 0.000000 0.000000 0.000000 
0.000000 0.000000 0.000000 0.000000 
0.000000 0.000000 0.000000 0.000000 
0.999739 -0.000084 0.000291 -0.000078 
-0.000084 0.999724 -0.000011 0.000127 
0.000291 -0.000011 0.999604 0.000174 
-0.000078 0.000127 0.000174 0.999683 
-0.002179 -0.007758 -0.001963 -0.010211 
-0.006510 0.007526 0.015828 -0.020981 
-0.008153 -0.001420 0.013181 0.000237 
-0.011289 0.010251 0.013892 -0.007767 
0.016788 0.018097 -0.013060 -0.005311 
0.998954 -0.000335 0.001165 -0.000311 
-0.000335 0.998897 -0.000043 0.000509 
0.001165 -0.000043 0.998417 0.000695 
-0.000311 0.000509 0.000695 0.998734 
-0.004355 -0.015514 -0.003930 -0.020418 
-0.013005 0.015042 0.031632 -0.041941 
-0.016293 -0.002838 0.026347 0.000479 
-0.022565 0.020496 0.027764 -0.015521 
0.033558 0.036179 -0.026102 -0.010621 
0.997648 -0.000754 0.002619 -0.000699 
-0.000754 0.997520 -0.000098 0.001146 
0.002619 -0.000098 0.996440 0.001562 
-0.000699 0.001146 0.001562 0.997152 
-0.006526 -0.023266 -0.005903 -0.030617 
-0.019471 0.022542 0.047389 -0.062857 
-0.024409 -0.004252 0.039484 0.000732 
-0.033815 0.030729 0.041594 -0.023246 
0.050291 0.054234 -0.039108 -0.015930 
0.995822 -0.001340 0.004652 -0.001241 
-0.001340 0.995592 -0.000173 0.002036 
0.004652 -0.000173 0.993675 0.002775 
-0.001241 0.002036 0.002775 0.994940 
-0.008688 -0.031012 -0.007885 -0.040804 
-0.025894 0.030015 0.063075 -0.083708 
-0.032489 -0.005661 0.052575 0.001001 
-0.045024 0.040943 0.055363 -0.030929 
0.066968 0.072248 -0.052060 -0.021236 
0.993479 -0.002092 0.007261 -0.001936 
-0.002092 0.993116 -0.000271 0.003178 
0.007261 -0.000271 0.990128 0.004330 
-0.001936 0.003178 0.004330 0.992100 
-0.010839 -0.038749 -0.009879 -0.050974 
-0.032257 0.037453 0.078666 -0.104473 
-0.040520 -0.007062 0.065606 0.001292 
-0.056179 0.051134 0.069051 -0.038556 
0.083571 0.090206 -0.064942 -0.026538 
0.990620 -0.003010 0.010443 -0.002782 
-0.003010 0.990094 -0.000390 0.004572 
0.010443 -0.000390 0.985802 0.006226 
-0.002782 0.004572 0.006226 0.988634 
-0.012975 -0.046476 -0.011889 -0.061123 
-0.038549 0.044847 0.094139 -0.125129 
-0.048491 -0.008453 0.078562 0.001609 
-0.067267 0.061295 0.082636 -0.046112 
0.100081 0.108095 -0.077734 -0.031837 
0.987250 -0.004094 0.014192 -0.003777 
-0.004094 0.986527 -0.000530 0.006215 
0.014192 -0.000530 0.980704 0.008459 
-0.003777 0.006215 0.008459 0.984546 
-0.015094 -0.054191 -0.013917 -0.071248 
-0.044753 0.052190 0.109470 -0.145656 
-0.056389 -0.009833 0.091428 0.001957 
-0.078275 0.071419 0.096100 -0.053584 
0.116481 0.125901 -0.090420 -0.037130 
0.983374 -0.005342 0.018504 -0.004920 
-0.005342 0.982419 -0.000691 0.008107 
0.018504 -0.000691 0.974840 0.011025 
-0.004920 0.008107 0.011025 0.979839 
-0.017193 -0.061891 -0.015966 -0.081343 
-0.050856 0.059471 0.124637 -0.166033 
-0.064204 -0.011199 0.104190 0.002342 
-0.089190 0.081502 0.109421 -0.060959 
0.132751 0.143611 -0.102982 -0.042418 
0.978995 -0.006754 0.023372 -0.006207 
-0.006754 0.977771 -0.000874 0.010244 
0.023372 -0.000874 0.968219 0.013919 
-0.006207 0.010244 0.013919 0.974519 
-0.019269 -0.069574 -0.018040 -0.091406 
-0.056844 0.066684 0.139616 -0.186238 
-0.071922 -0.012550 0.116833 0.002769 
-0.099998 0.091536 0.122581 -0.068223 
0.148875 0.161211 -0.115403 -0.047698 
0.974120 -0.008328 0.028791 -0.007637 
-0.008328 0.972588 -0.001077 0.012624 
0.028791 -0.001077 0.960849 0.017138 
-0.007637 0.012624 0.017138 0.968589 
-0.021320 -0.077238 -0.020141 -0.101432 
-0.062704 0.073818 0.154386 -0.206250 
-0.079534 -0.013884 0.129343 0.003243 
-0.110688 0.101517 0.135560 -0.075361 
0.164834 0.178687 -0.127666 -0.052970 
0.968755 -0.010063 0.034751 -0.009205 
-0.010063 0.966874 -0.001301 0.015246 
0.034751 -0.001301 0.952741 0.020675 
-0.009205 0.015246 0.020675 0.962057 
-0.023343 -0.084882 -0.022272 -0.111417 
-0.068420 0.080867 0.168923 -0.226050 
-0.087026 -0.015199 0.141706 0.003769 
-0.121246 0.111438 0.148339 -0.082362 
0.180610 0.196027 -0.139755 -0.058233 
0.962907 -0.011958 0.041245 -0.010908 
-0.011959 0.960631 -0.001546 0.018105 
0.041245 -0.001546 0.943907 0.024524 
-0.010908 0.018105 0.024524 0.954929 
-0.025335 -0.092503 -0.024436 -0.121358 
-0.073981 0.087821 0.183207 -0.245617 
-0.094389 -0.016493 0.153907 0.004351 
-0.131660 0.121294 0.160898 -0.089212 
0.196187 0.213216 -0.151651 -0.063487 
0.956582 -0.014012 0.048264 -0.012743 
-0.014012 0.953866 -0.001810 0.021198 
0.048264 -0.001810 0.934357 0.028679 
-0.012743 0.021199 0.028679 0.947210 
-0.027294 -0.100099 -0.026636 -0.131249 
-0.079374 0.094672 0.197215 -0.264931 
-0.101610 -0.017765 0.165933 0.004995 
-0.141918 0.131079 0.173220 -0.095898 
0.211548 0.230242 -0.163341 -0.068728 
0.949790 -0.016223 0.055798 -0.014706 
-0.016223 0.946582 -0.002095 0.024523 
0.055798 -0.002095 0.924105 0.033133 
-0.014706 0.024523 0.033133 0.938909 
-0.029216 -0.107669 -0.028873 -0.141088 
-0.084584 0.101413 0.210926 -0.283972 
-0.108679 -0.019011 0.177771 0.005704 
-0.152008 0.140787 0.185286 -0.102408 
0.226674 0.247091 -0.174806 -0.073958 
0.942538 -0.018589 0.063836 -0.016792 
-0.018589 0.938786 -0.002400 0.028076 
0.063836 -0.002400 0.913166 0.037878 
-0.016792 0.028076 0.037878 0.930033 
-0.031101 -0.115209 -0.031152 -0.150871 
-0.089600 0.108035 0.224320 -0.302720 
-0.115586 -0.020232 0.189407 0.006484 
-0.161918 0.150413 0.197078 -0.108729 
0.241550 0.263751 -0.186032 -0.079173 
0.934837 -0.021108 0.072367 -0.018996 
-0.021108 0.930481 -0.002724 0.031852 
0.072367 -0.002724 0.901554 0.042906 
-0.018996 0.031852 0.042906 0.920591 
-0.032944 -0.122718 -0.033474 -0.160593 
-0.094410 0.114531 0.237377 -0.321158 
-0.122320 -0.021425 0.200829 0.007338 
-0.171636 0.159951 0.208578 -0.114849 
0.256160 0.280209 -0.197003 -0.084373 
0.926695 -0.023779 0.081380 -0.021313 
-0.023779 0.921676 -0.003068 0.035847 
0.081380 -0.003068 0.889285 0.048208 
-0.021314 0.035847 0.048208 0.910593 
-0.034744 -0.130194 -0.035842 -0.170252 
-0.099001 0.120892 0.250077 -0.339266 
-0.128870 -0.022587 0.212023 0.008270 
-0.181153 0.169395 0.219770 -0.120756 
0.270487 0.296452 -0.207705 -0.089557 
0.918123 -0.026599 0.090860 -0.023740 
-0.026599 0.912375 -0.003431 0.040057 
0.090860 -0.003431 0.876376 0.053775 
-0.023740 0.040057 0.053775 0.900047 
-0.036498 -0.137636 -0.038258 -0.179842 
-0.103362 0.127111 0.262400 -0.357026 
-0.135226 -0.023718 0.222978 0.009286 
-0.190456 0.178742 0.230636 -0.126439 
0.284515 0.312468 -0.218122 -0.094723 
0.909131 -0.029566 0.100796 -0.026269 
-0.029566 0.902586 -0.003812 0.044477 
0.100796 -0.003812 0.862844 0.059598 
-0.026269 0.044477 0.059598 0.888963 
-0.038205 -0.145040 -0.040725 -0.189362 
-0.107482 0.133181 0.274329 -0.374420 
-0.141380 -0.024816 0.233681 0.010388 
-0.199536 0.187984 0.241162 -0.131887 
0.298231 0.328245 -0.228240 -0.099870 
0.899732 -0.032679 0.111174 -0.028895 
-0.032679 0.892315 -0.004211 0.049102 
0.111174 -0.004211 0.848709 0.065666 
-0.028895 0.049102 0.065666 0.877353 
-0.039862 -0.152405 -0.043244 -0.198807 
-0.111351 0.139094 0.285844 -0.391431 
-0.147321 -0.025879 0.244120 0.011581 
-0.208382 0.197117 0.251330 -0.137088 
0.311617 0.343770 -0.238045 -0.104995 
0.889938 -0.035933 0.121978 -0.031613 
-0.035934 0.881571 -0.004629 0.053927 
0.121978 -0.004629 0.833989 0.071970 
-0.031613 0.053927 0.071970 0.865227 
-0.041466 -0.159729 -0.045818 -0.208174 
-0.114957 0.144843 0.296929 -0.408042 
-0.153040 -0.026905 0.254285 0.012867 
-0.216984 0.206136 0.261125 -0.142033 
0.324661 0.359032 -0.247525 -0.110097 
0.879759 -0.039328 0.133193 -0.034415 
-0.039328 0.870359 -0.005064 0.058947 
0.133193 -0.005064 0.818705 0.078497 
-0.034416 0.058947 0.078497 0.852597 
-0.043016 -0.167010 -0.048448 -0.217459 
-0.118290 0.150421 0.307568 -0.424236 
-0.158528 -0.027893 0.264165 0.014250 
-0.225333 0.215036 0.270534 -0.146711 
0.337348 0.374019 -0.256665 -0.115175 
0.869210 -0.042861 0.144805 -0.037297 
-0.042861 0.858690 -0.005516 0.064155 
0.144805 -0.005516 0.802878 0.085238 
-0.037297 0.064155 0.085238 0.839475 
-0.044511 -0.174247 -0.051138 -0.226659 
-0.121342 0.155821 0.317742 -0.439999 
-0.163777 -0.028842 0.273749 0.015734 
-0.233419 0.223812 0.279541 -0.151112 
0.349664 0.388719 -0.265454 -0.120226 
0.858304 -0.046528 0.156796 -0.040251 
-0.046528 0.846571 -0.005986 0.069547 
0.156796 -0.005986 0.786529 0.092179 
-0.040251 0.069547 0.092179 0.825873 
-0.045947 -0.181436 -0.053888 -0.235771 
-0.124103 0.161036 0.327439 -0.455313 
-0.168779 -0.029748 0.283026 0.017322 
-0.241235 0.232459 0.288134 -0.155226 
0.361596 0.403121 -0.273879 -0.125248 
0.847054 -0.050327 0.169149 -0.043270 
-0.050327 0.834011 -0.006472 0.075115 
0.169149 -0.006472 0.769680 0.099310 
-0.043270 0.075115 0.099310 0.811804 
-0.047323 -0.188576 -0.056700 -0.244791 
-0.126564 0.166060 0.336642 -0.470166 
-0.173525 -0.030612 0.291988 0.019015 
-0.248772 0.240972 0.296299 -0.159046 
0.373131 0.417215 -0.281929 -0.130240 
0.835475 -0.054255 0.181849 -0.046347 
-0.054255 0.821018 -0.006974 0.080853 
0.181849 -0.006974 0.752355 0.106618 
-0.046347 0.080853 0.106618 0.797281 
-0.048639 -0.195666 -0.059575 -0.253717 
-0.128718 0.170887 0.345337 -0.484541 
-0.178008 -0.031432 0.300625 0.020817 
-0.256021 0.249347 0.304024 -0.162561 
0.384257 0.430988 -0.289592 -0.135200 
0.823581 -0.058308 0.194876 -0.049476 
-0.058308 0.807602 -0.007492 0.086756 
0.194876 -0.007492 0.734578 0.114089 
-0.049476 0.086756 0.114089 0.782318 
-0.049891 -0.202703 -0.062516 -0.262545 
-0.130557 0.175510 0.353512 -0.498426 
-0.182221 -0.032205 0.308928 0.022730 
-0.262976 0.257580 0.311297 -0.165765 
0.394963 0.444432 -0.296859 -0.140124 
0.811387 -0.062485 0.208212 -0.052648 
-0.062485 0.793773 -0.008025 0.092816 
0.208212 -0.008025 0.716372 0.121711 
-0.052648 0.092816 0.121711 0.766929 
-0.051078 -0.209685 -0.065523 -0.271273 
-0.132073 0.179924 0.361154 -0.511808 
-0.186157 -0.032931 0.316888 0.024756 
-0.269630 0.265665 0.318107 -0.168649 
0.405236 0.457534 -0.303719 -0.145011 
0.798908 -0.066781 0.221840 -0.055857 
-0.066781 0.779541 -0.008573 0.099026 
0.221840 -0.008573 0.697762 0.129471 
-0.055857 0.099027 0.129471 0.751129 
-0.052200 -0.216611 -0.068598 -0.279897 
-0.133261 0.184122 0.368251 -0.524673 
-0.189809 -0.033608 0.324499 0.026897 
-0.275975 0.273600 0.324444 -0.171206 
0.415066 0.470287 -0.310162 -0.149858 
0.786161 -0.071193 0.235739 -0.059095 
-0.071193 0.764915 -0.009136 0.105380 
0.235739 -0.009136 0.678775 0.137355 
-0.059095 0.105380 0.137355 0.734932 
-0.053255 -0.223479 -0.071741 -0.288414 
-0.134113 0.188100 0.374792 -0.537011 
-0.193172 -0.034235 0.331752 0.029155 
-0.282007 0.281379 0.330297 -0.173429 
0.424443 0.482678 -0.316181 -0.154662 
0.773162 -0.075717 0.249890 -0.062353 
-0.075717 0.749906 -0.009714 0.111870 
0.249890 -0.009714 0.659435 0.145349 
-0.062353 0.111870 0.145349 0.718354 
-0.054241 -0.230286 -0.074954 -0.296823 
-0.134625 0.191851 0.380768 -0.548809 
-0.196238 -0.034811 0.338641 0.031530 
-0.287719 0.288999 0.335659 -0.175312 
0.433356 0.494700 -0.321766 -0.159422 
0.759925 -0.080351 0.264274 -0.065625 
-0.080351 0.734525 -0.010304 0.118489 
0.264274 -0.010304 0.639769 0.153438 
-0.065625 0.118489 0.153438 0.701409 
-0.055158 -0.237031 -0.078238 -0.305120 
-0.134792 0.195370 0.386169 -0.560058 
-0.199005 -0.035333 0.345159 0.034026 
-0.293105 0.296455 0.340519 -0.176849 
0.441798 0.506343 -0.326910 -0.164134 
0.746469 -0.085090 0.278870 -0.068902 
-0.085091 0.718783 -0.010909 0.125228 
0.278870 -0.010909 0.619804 0.161609 
-0.068902 0.125228 0.161609 0.684114 
-0.056004 -0.243712 -0.081592 -0.313302 
-0.134609 0.198654 0.390986 -0.570747 
-0.201465 -0.035802 0.351300 0.036642 
-0.298163 0.303745 0.344872 -0.178034 
0.449758 0.517598 -0.331606 -0.168795 
0.732810 -0.089932 0.293658 -0.072176 
-0.089932 0.702691 -0.011526 0.132081 
0.293658 -0.011526 0.599566 0.169848 
-0.072177 0.132081 0.169848 0.666484 
-0.056779 -0.250328 -0.085019 -0.321369 
-0.134072 0.201696 0.395213 -0.580867 
-0.203615 -0.036216 0.357059 0.039378 
-0.302886 0.310865 0.348709 -0.178863 
0.457230 0.528456 -0.335847 -0.173403 
0.718965 -0.094871 0.308617 -0.075440 
-0.094871 0.686260 -0.012156 0.139039 
0.308617 -0.012156 0.579085 0.178138 
-0.075440 0.139039 0.178138 0.648537 
-0.057482 -0.256876 -0.088517 -0.329316 
-0.133178 0.204494 0.398843 -0.590410 
-0.205450 -0.036573 0.362432 0.042237 
-0.307273 0.317810 0.352024 -0.179331 
0.464205 0.538909 -0.339627 -0.177954 
0.704951 -0.099904 0.323727 -0.078684 
-0.099904 0.669503 -0.012798 0.146095 
0.323727 -0.012798 0.558387 0.186466 
-0.078684 0.146095 0.186466 0.630288 
-0.058112 -0.263354 -0.092087 -0.337142 
-0.131925 0.207041 0.401869 -0.599367 
-0.206968 -0.036872 0.367413 0.045217 
-0.311319 0.324579 0.354813 -0.179435 
0.470677 0.548949 -0.342942 -0.182445 
0.690786 -0.105027 0.338965 -0.081901 
-0.105027 0.652430 -0.013452 0.153240 
0.338965 -0.013452 0.537500 0.194816 
-0.081901 0.153240 0.194816 0.611754 
-0.058669 -0.269762 -0.095730 -0.344844 
-0.130310 0.209335 0.404287 -0.607732 
-0.208164 -0.037113 0.371999 0.048320 
-0.315022 0.331167 0.357070 -0.179170 
0.476640 0.558568 -0.345786 -0.186873 
0.676487 -0.110237 0.354311 -0.085083 
-0.110237 0.635055 -0.014118 0.160465 
0.354311 -0.014118 0.516453 0.203173 
-0.085083 0.160465 0.203173 0.592952 
-0.059152 -0.276097 -0.099445 -0.352421 
-0.128332 0.211372 0.406094 -0.615498 
-0.209035 -0.037295 0.376187 0.051543 
-0.318380 0.337572 0.358791 -0.178535 
0.482087 0.567760 -0.348156 -0.191236 
0.662073 -0.115528 0.369744 -0.088221 
-0.115528 0.617389 -0.014794 0.167763 
0.369744 -0.014794 0.495274 0.211523 
-0.088221 0.167763 0.211523 0.573899 
-0.059561 -0.282357 -0.103233 -0.359871 
-0.125990 0.213148 0.407285 -0.622659 
-0.209580 -0.037416 0.379973 0.054888 
-0.321391 0.343791 0.359973 -0.177526 
0.487014 0.576516 -0.350048 -0.195528 
0.660891 -0.115964 0.371008 -0.088475 
-0.115964 0.615934 -0.014850 0.168362 
0.371008 -0.014850 0.493539 0.212204 
-0.088475 0.168362 0.212204 0.572332 
-0.059591 -0.282865 -0.103545 -0.360473 
-0.125783 0.213282 0.407355 -0.623217 
-0.209610 -0.037423 0.380265 0.055167 
-0.321622 0.344290 0.360046 -0.177427 
0.487393 0.577212 -0.350182 -0.195875 
0.659229 -0.071205 0.365498 -0.076549 
-0.144087 0.581557 -0.010358 0.179321 
0.358746 -0.092974 0.505432 0.203946 
-0.090889 0.137353 0.202617 0.591238 
-0.097939 -0.413381 -0.088873 -0.330944 
-0.119799 0.228392 0.392074 -0.624691 
-0.210022 -0.042740 0.393470 0.052170 
-0.318124 0.339604 0.369502 -0.174659 
0.488303 0.537593 -0.341785 -0.194515 
0.647664 -0.064181 0.364470 -0.059009 
-0.162628 0.584518 -0.010509 0.184853 
0.363900 -0.099921 0.508142 0.186220 
-0.085852 0.134904 0.189500 0.605649 
-0.104904 -0.416428 -0.090236 -0.318236 
-0.118046 0.227108 0.378413 -0.623255 
-0.208828 -0.042199 0.405720 0.048369 
-0.313304 0.339373 0.378114 -0.172401 
0.497576 0.533001 -0.337662 -0.197676 
0.635597 -0.057005 0.363172 -0.040993 
-0.180853 0.587325 -0.010591 0.190001 
0.368840 -0.106821 0.510588 0.168645 
-0.080474 0.132294 0.176471 0.619421 
-0.112017 -0.419372 -0.091639 -0.305185 
-0.116451 0.225885 0.364316 -0.621132 
-0.207494 -0.041710 0.417748 0.044570 
-0.308286 0.339057 0.386447 -0.170039 
0.506544 0.528479 -0.333426 -0.200631 
0.623045 -0.049686 0.361613 -0.022527 
-0.198749 0.589971 -0.010604 0.194749 
0.373555 -0.113669 0.512766 0.151243 
-0.074751 0.129523 0.163542 0.632538 
-0.119268 -0.422217 -0.093078 -0.291809 
-0.115012 0.224725 0.349791 -0.618329 
-0.206024 -0.041273 0.429545 0.040782 
-0.303074 0.338657 0.394496 -0.167571 
0.515199 0.524031 -0.329082 -0.203371 
0.610026 -0.042229 0.359801 -0.003636 
-0.216299 0.592452 -0.010545 0.199086 
0.378031 -0.120460 0.514666 0.134037 
-0.068683 0.126590 0.150725 0.644985 
-0.126647 -0.424966 -0.094547 -0.278123 
-0.113730 0.223626 0.334850 -0.614853 
-0.204421 -0.040887 0.441103 0.037013 
-0.297672 0.338172 0.402257 -0.164993 
0.523533 0.519659 -0.324634 -0.205888 
0.596560 -0.034644 0.357742 0.015651 
-0.233490 0.594762 -0.010412 0.202998 
0.382257 -0.127188 0.516282 0.117049 
-0.062267 0.123494 0.138033 0.656748 
-0.134144 -0.427623 -0.096040 -0.264147 
-0.112603 0.222589 0.319501 -0.610712 
-0.202688 -0.040550 0.452413 0.033271 
-0.292082 0.337604 0.409725 -0.162303 
0.531538 0.515366 -0.320085 -0.208173 
0.582666 -0.026937 0.355445 0.035306 
-0.250306 0.596897 -0.010203 0.206473 
0.386221 -0.133848 0.517608 0.100301 
-0.055505 0.120235 0.125476 0.667814 
-0.141747 -0.430193 -0.097551 -0.249898 
-0.111630 0.221613 0.303756 -0.605913 
-0.200828 -0.040262 0.463468 0.029566 
-0.286308 0.336954 0.416898 -0.159500 
0.539205 0.511155 -0.315440 -0.210217 
0.568363 -0.019116 0.352918 0.055300 
-0.266736 0.598853 -0.009916 0.209500 
0.389911 -0.140434 0.518637 0.083813 
-0.048395 0.116812 0.113065 0.678171 
-0.149446 -0.432679 -0.099074 -0.235394 
-0.110809 0.220699 0.287625 -0.600469 
-0.198844 -0.040022 0.474258 0.025904 
-0.280352 0.336221 0.423771 -0.156581 
0.546529 0.507027 -0.310702 -0.212013 
0.553672 -0.011190 0.350171 0.075603 
-0.282765 0.600625 -0.009549 0.212069 
0.393316 -0.146943 0.519362 0.067606 
-0.040938 0.113227 0.100812 0.687807 
-0.157229 -0.435086 -0.100603 -0.220653 
-0.110138 0.219845 0.271121 -0.594387 
-0.196740 -0.039829 0.484777 0.022295 
-0.274217 0.335406 0.430341 -0.153544 
0.553502 0.502987 -0.305874 -0.213553 
