1.000000 0.000000 0.000000 
0.000000 1.000000 0.000000 
0.000000 0.000000 1.000000 
0.000000 0.000000 0.000000 
0.000000 0.000000 0.000000 
0.000000 0.000000 0.000000 
0.000000 0.000000 0.000000 
0.000000 0.000000 0.000000 
0.000000 0.000000 0.000000 
0.998402 -0.000282 0.001109 
-0.000282 0.998468 0.000256 
0.001109 0.000256 0.998132 
-0.014598 0.010822 0.040038 
-0.000607 -0.017874 -0.022983 
-0.004634 0.024272 -0.020097 
-0.020649 0.003075 0.019002 
-0.021328 0.030065 0.001378 
0.045568 0.033495 -0.028868 
0.993615 -0.001124 0.004429 
-0.001124 0.993878 0.001021 
0.004429 0.001021 0.992537 
-0.029068 0.021640 0.079900 
-0.001253 -0.035704 -0.045891 
-0.009312 0.048462 -0.040116 
-0.041191 0.006163 0.037888 
-0.042601 0.060050 0.002718 
0.090908 0.066846 -0.057509 
0.985662 -0.002520 0.009936 
-0.002520 0.986244 0.002289 
0.009936 0.002289 0.983244 
-0.043279 0.032449 0.119410 
-0.001976 -0.053448 -0.068649 
-0.014076 0.072489 -0.059982 
-0.061521 0.009274 0.056545 
-0.063767 0.089877 0.003985 
0.135792 0.099912 -0.085700 
0.974582 -0.004458 0.017592 
-0.004458 0.975592 0.004048 
0.017592 0.004048 0.970301 
-0.057105 0.043244 0.158395 
-0.002816 -0.071062 -0.091182 
-0.018970 0.096271 -0.079618 
-0.081534 0.012420 0.074859 
-0.084770 0.119466 0.005141 
0.179995 0.132552 -0.113218 
0.960428 -0.006923 0.027342 
-0.006923 0.961955 0.006281 
0.027342 0.006281 0.953773 
-0.070421 0.054020 0.196683 
-0.003809 -0.088503 -0.113417 
-0.024033 0.119727 -0.098949 
-0.101128 0.015613 0.092718 
-0.105558 0.148740 0.006152 
0.223297 0.164626 -0.139846 
0.943269 -0.009893 0.039116 
-0.009893 0.945379 0.008968 
0.039116 0.008968 0.933746 
-0.083107 0.064771 0.234108 
-0.004991 -0.105729 -0.135282 
-0.029307 0.142780 -0.117902 
-0.120201 0.018862 0.110015 
-0.126079 0.177621 0.006981 
0.265483 0.195999 -0.165371 
0.923187 -0.013344 0.052832 
-0.013344 0.925917 0.012083 
0.052832 0.012083 0.910321 
-0.095044 0.075489 0.270507 
-0.006398 -0.122698 -0.156706 
-0.034828 0.165351 -0.136406 
-0.138657 0.022177 0.126644 
-0.146281 0.206032 0.007595 
0.306342 0.226537 -0.189590 
0.900279 -0.017247 0.068392 
-0.017247 0.903631 0.015598 
0.068392 0.015598 0.883619 
-0.106119 0.086169 0.305723 
-0.008063 -0.139368 -0.177623 
-0.040635 0.187366 -0.154394 
-0.156400 0.025568 0.142503 
-0.166115 0.233898 0.007962 
0.345674 0.256112 -0.212305 
0.874654 -0.021569 0.085685 
-0.021568 0.878596 0.019478 
0.085685 0.019478 0.853774 
-0.116226 0.096801 0.339605 
-0.010018 -0.155697 -0.197964 
-0.046759 0.208751 -0.171799 
-0.173343 0.029041 0.157496 
-0.185531 0.261146 0.008051 
0.383286 0.284598 -0.233328 
0.846436 -0.026273 0.104587 
-0.026273 0.850890 0.023688 
0.104587 0.023688 0.820940 
-0.125262 0.107375 0.372010 
-0.012292 -0.171644 -0.217668 
-0.053233 0.229434 -0.188559 
-0.189398 0.032603 0.171531 
-0.204485 0.287702 0.007831 
0.418995 0.311878 -0.252484 
0.815759 -0.031320 0.124963 
-0.031320 0.820606 0.028186 
0.124963 0.028186 0.785283 
-0.133133 0.117882 0.402802 
-0.014914 -0.187171 -0.236674 
-0.060083 0.249348 -0.204615 
-0.204485 0.036260 0.184521 
-0.222929 0.313495 0.007276 
0.452629 0.337837 -0.269607 
0.782769 -0.036667 0.146666 
-0.036667 0.787839 0.032930 
0.146665 0.032930 0.746984 
-0.139751 0.128309 0.431855 
-0.017907 -0.202236 -0.254925 
-0.067337 0.268428 -0.219913 
-0.218530 0.040015 0.196387 
-0.240820 0.338458 0.006359 
0.484028 0.362368 -0.284545 
0.747623 -0.042267 0.169538 
-0.042267 0.752696 0.037873 
0.169538 0.037873 0.706235 
-0.145036 0.138642 0.459049 
-0.021295 -0.216803 -0.272366 
-0.075014 0.286610 -0.234400 
-0.231463 0.043872 0.207054 
-0.258119 0.362522 0.005058 
0.513044 0.385371 -0.297161 
0.710487 -0.048071 0.193414 
-0.048071 0.715291 0.042965 
0.193414 0.042965 0.663244 
-0.148918 0.148867 0.484278 
-0.025097 -0.230833 -0.288948 
-0.083132 0.303836 -0.248032 
-0.243222 0.047830 0.216458 
-0.274785 0.385624 0.003351 
0.539544 0.406752 -0.307332 
0.671536 -0.054030 0.218119 
-0.054030 0.675743 0.048157 
0.218119 0.048157 0.618225 
-0.151333 0.158969 0.507442 
-0.029329 -0.244289 -0.304624 
-0.091707 0.320052 -0.260765 
-0.253750 0.051889 0.224537 
-0.290783 0.407701 0.001219 
0.563408 0.426426 -0.314948 
0.630953 -0.060089 0.243471 
-0.060089 0.634180 0.053395 
0.243471 0.053395 0.571405 
-0.152228 0.168928 0.528457 
-0.034007 -0.257137 -0.319352 
-0.100746 0.335205 -0.272564 
-0.262998 0.056048 0.231241 
-0.306078 0.428694 -0.001354 
0.584532 0.444315 -0.319920 
0.588927 -0.066195 0.269282 
-0.066195 0.590736 0.058625 
0.269282 0.058625 0.523018 
-0.151559 0.178725 0.547246 
-0.039139 -0.269341 -0.333094 
-0.110258 0.349249 -0.283397 
-0.270924 0.060301 0.236526 
-0.320639 0.448545 -0.004382 
0.602829 0.460350 -0.322173 
0.588282 -0.066287 0.269675 
-0.066287 0.590066 0.058703 
0.269675 0.058703 0.522276 
-0.151536 0.178872 0.547512 
-0.039220 -0.269520 -0.333294 
-0.110405 0.349452 -0.283553 
-0.271033 0.060366 0.236595 
-0.320853 0.448836 -0.004431 
0.603083 0.460578 -0.322185 
0.569284 -0.052255 0.265539 
-0.086716 0.582737 0.052558 
0.269856 0.053421 0.538426 
-0.137961 0.148677 0.537491 
-0.048738 -0.302224 -0.341490 
-0.135975 0.337680 -0.242612 
-0.299516 0.049224 0.256920 
-0.297017 0.476051 -0.030920 
0.614611 0.445324 -0.324789 
0.549067 -0.038295 0.261700 
-0.107262 0.573495 0.046590 
0.270274 0.048210 0.553435 
-0.122922 0.118575 0.525547 
-0.058564 -0.334142 -0.348947 
-0.161921 0.324624 -0.200855 
-0.326528 0.038408 0.275808 
-0.272707 0.501834 -0.057505 
0.623076 0.427678 -0.324604 
0.527676 -0.024441 0.258142 
-0.127865 0.562385 0.040765 
0.270962 0.043102 0.567251 
-0.106468 0.088649 0.511725 
-0.068656 -0.365160 -0.355692 
-0.188060 0.310391 -0.158489 
-0.351932 0.027997 0.293127 
-0.248081 0.526048 -0.084025 
0.628468 0.407694 -0.321630 
0.505159 -0.010726 0.254843 
-0.148462 0.549458 0.035049 
0.271953 0.038126 0.579824 
-0.088654 0.058975 0.496078 
-0.078968 -0.395169 -0.361750 
-0.214203 0.295092 -0.115719 
-0.375602 0.018064 0.308758 
-0.223296 0.548563 -0.110317 
0.630791 0.385440 -0.315882 
0.481571 0.002818 0.251778 
-0.168986 0.534772 0.029405 
0.273275 0.033311 0.591111 
-0.069546 0.029628 0.478667 
-0.089453 -0.424058 -0.367154 
-0.240163 0.278842 -0.072757 
-0.397418 0.008680 0.322590 
-0.198508 0.569255 -0.136221 
0.630072 0.360998 -0.307396 
0.456967 0.016162 0.248920 
-0.189371 0.518391 0.023793 
0.274952 0.028682 0.601074 
-0.049216 0.000677 0.459565 
-0.100065 -0.451724 -0.371933 
-0.265749 0.261761 -0.029815 
-0.417272 -0.000091 0.334521 
-0.173870 0.588005 -0.161580 
0.626351 0.334460 -0.296223 
0.431411 0.029278 0.246236 
-0.209549 0.500386 0.018174 
0.277005 0.024265 0.609679 
-0.027745 -0.027812 0.438850 
-0.110754 -0.478064 -0.376119 
-0.290772 0.243970 0.012898 
-0.435068 -0.008190 0.344462 
-0.149533 0.604703 -0.186242 
0.619688 0.305933 -0.282432 
0.404967 0.042140 0.243694 
-0.229451 0.480831 0.012507 
0.279447 0.020079 0.616897 
-0.005223 -0.055776 0.416610 
-0.121473 -0.502981 -0.379747 
-0.315045 0.225592 0.055170 
-0.450719 -0.015564 0.352335 
-0.125641 0.619248 -0.210058 
0.610158 0.275536 -0.266109 
0.377704 0.054724 0.241257 
-0.249008 0.459808 0.006748 
0.282292 0.016144 0.622708 
0.018256 -0.083160 0.392941 
-0.132173 -0.526381 -0.382851 
-0.338382 0.206751 0.096794 
-0.464153 -0.022165 0.358075 
-0.102335 0.631545 -0.232885 
0.597854 0.243397 -0.247355 
0.349692 0.067008 0.238886 
-0.268152 0.437401 0.000857 
0.285545 0.012478 0.627094 
0.042588 -0.109907 0.367946 
-0.142806 -0.548177 -0.385463 
-0.360605 0.187573 0.137567 
-0.475307 -0.027955 0.361626 
-0.079751 0.641510 -0.254588 
0.582884 0.209658 -0.226288 
0.321007 0.078971 0.236540 
-0.286813 0.413700 -0.005209 
0.289209 0.009093 0.630045 
0.067667 -0.135971 0.341734 
-0.153323 -0.568286 -0.387619 
-0.381536 0.168181 0.177290 
-0.484133 -0.032900 0.362949 
-0.058015 0.649068 -0.275037 
0.565369 0.174468 -0.203040 
0.291725 0.090593 0.234177 
-0.304924 0.388800 -0.011492 
0.293281 0.006001 0.631555 
0.093377 -0.161305 0.314420 
-0.163679 -0.586629 -0.389352 
-0.401008 0.148697 0.215769 
-0.490596 -0.036973 0.362016 
-0.037248 0.654156 -0.294113 
0.545449 0.137988 -0.177757 
0.261926 0.101859 0.231753 
-0.322418 0.362796 -0.018032 
0.297754 0.003211 0.631625 
0.119601 -0.185868 0.286126 
-0.173827 -0.603135 -0.390696 
-0.418857 0.129242 0.252820 
-0.494673 -0.040156 0.358813 
-0.017563 0.656720 -0.311703 
0.523271 0.100385 -0.150598 
0.231689 0.112752 0.229222 
-0.339229 0.335790 -0.024870 
0.302616 0.000729 0.630263 
0.146213 -0.209623 0.256979 
-0.183723 -0.617739 -0.391683 
-0.434930 0.109933 0.288264 
-0.496356 -0.042436 0.353337 
0.000938 0.656718 -0.327706 
0.498999 0.061836 -0.121734 
0.201099 0.123259 0.226537 
-0.355296 0.307883 -0.032044 
0.307851 -0.001443 0.627481 
0.173088 -0.232538 0.227109 
-0.193325 -0.630382 -0.392344 
-0.449083 0.090885 0.321933 
-0.495648 -0.043810 0.345602 
0.018161 0.654118 -0.342029 
0.472806 0.022522 -0.091346 
0.170237 0.133366 0.223652 
-0.370557 0.279182 -0.039590 
0.313438 -0.003303 0.623296 
0.200094 -0.254583 0.196651 
-0.202592 -0.641012 -0.392710 
-0.461181 0.072207 0.353668 
-0.492567 -0.044280 0.335633 
0.034022 0.648902 -0.354591 
0.444876 -0.017369 -0.059628 
0.139189 0.143064 0.220520 
-0.384953 0.249792 -0.047542 
0.319352 -0.004854 0.617734 
0.227100 -0.275733 0.165742 
-0.211486 -0.649585 -0.392808 
-0.471101 0.054005 0.383324 
-0.487144 -0.043857 0.323469 
0.048448 0.641063 -0.365322 
0.415401 -0.057642 -0.026778 
0.120362 0.148724 0.218486 
-0.393215 0.231735 -0.052561 
0.323073 -0.005644 0.613715 
0.243370 -0.288076 0.146894 
-0.216667 -0.653753 -0.392749 
-0.475996 0.043273 0.400187 
-0.482747 -0.043175 0.315071 
0.056446 0.635052 -0.370896 
0.396916 -0.082094 -0.006456 
0.126827 0.181459 0.257328 
-0.372889 0.249428 -0.050244 
0.332409 0.006403 0.577499 
0.220234 -0.307993 0.149279 
-0.202322 -0.641747 -0.401272 
-0.463166 0.009339 0.404784 
-0.492569 -0.034423 0.318004 
0.054269 0.622848 -0.386203 
0.429936 -0.094373 0.017862 
0.132714 0.213364 0.295032 
-0.351650 0.266403 -0.047618 
0.340490 0.018008 0.538894 
0.196547 -0.326966 0.151109 
-0.186916 -0.627154 -0.407844 
-0.449379 -0.024632 0.408156 
-0.501283 -0.025497 0.320077 
0.051939 0.608567 -0.400395 
0.461848 -0.106500 0.041879 
0.137971 0.244303 0.331438 
-0.329562 0.282589 -0.044713 
0.347315 0.029146 0.498033 
0.172380 -0.344917 0.152402 
-0.170490 -0.610028 -0.412458 
-0.434662 -0.058524 0.410297 
-0.508871 -0.016425 0.321285 
0.049478 0.592268 -0.413410 
0.492559 -0.118456 0.065491 
0.142547 0.274145 0.366390 
-0.306694 0.297917 -0.041563 
0.352888 0.039794 0.455061 
0.147802 -0.361772 0.153177 
-0.153092 -0.590437 -0.415115 
-0.419039 -0.092223 0.411205 
-0.515318 -0.007237 0.321623 
0.046909 0.574018 -0.425190 
0.521977 -0.130223 0.088594 
0.146394 0.302764 0.399739 
-0.283113 0.312320 -0.038202 
0.357217 0.049930 0.410129 
0.122886 -0.377462 0.153456 
-0.134775 -0.568456 -0.415826 
-0.402539 -0.125615 0.410885 
-0.520611 0.002036 0.321091 
0.044252 0.553889 -0.435680 
0.550014 -0.141781 0.111088 
0.149469 0.330038 0.431344 
-0.258890 0.325737 -0.034665 
0.360317 0.059540 0.363400 
0.097703 -0.391918 0.153260 
-0.115595 -0.544172 -0.414612 
-0.385191 -0.158587 0.409342 
-0.524739 0.011362 0.319688 
0.041531 0.531959 -0.444829 
0.576586 -0.153113 0.132876 
0.151732 0.355854 0.461070 
-0.234097 0.338106 -0.030988 
0.362205 0.068609 0.315041 
0.072326 -0.405080 0.152615 
-0.095614 -0.517681 -0.411500 
-0.367025 -0.191025 0.406587 
-0.527694 0.020712 0.317418 
0.038768 0.508313 -0.452590 
0.601614 -0.164197 0.153864 
0.153148 0.380103 0.488792 
-0.208807 0.349371 -0.027205 
0.362904 0.077128 0.265230 
0.046827 -0.416887 0.151545 
-0.074898 -0.489088 -0.406529 
-0.348076 -0.222820 0.402634 
-0.529471 0.030053 0.314288 
0.035984 0.483041 -0.458921 
0.625022 -0.175017 0.173964 
0.153683 0.402684 0.514393 
-0.183094 0.359479 -0.023354 
0.362441 0.085090 0.214149 
0.021280 -0.427288 0.150078 
-0.053517 -0.458507 -0.399743 
-0.328376 -0.253863 0.397502 
-0.530067 0.039354 0.310305 
0.033202 0.456238 -0.463784 
0.646741 -0.185551 0.193088 
0.153312 0.423502 0.537766 
-0.157032 0.368380 -0.019471 
0.360847 0.092491 0.161987 
-0.004242 -0.436232 0.148239 
-0.031545 -0.426060 -0.391199 
-0.307962 -0.284049 0.391211 
-0.529482 0.048584 0.305481 
0.030443 0.428004 -0.467146 
0.666705 -0.195780 0.211156 
0.152010 0.442472 0.558813 
-0.130696 0.376032 -0.015590 
0.358156 0.099330 0.108936 
-0.029668 -0.443677 0.146056 
-0.009057 -0.391878 -0.380956 
-0.286870 -0.313274 0.383787 
-0.527717 0.057712 0.299828 
0.027729 0.398444 -0.468980 
0.684854 -0.205684 0.228093 
0.149759 0.459517 0.577445 
-0.104162 0.382392 -0.011749 
0.354409 0.105610 0.055195 
-0.054925 -0.449584 0.143559 
0.013865 -0.356097 -0.369086 
-0.265140 -0.341437 0.375259 
-0.524779 0.066707 0.293363 
0.025080 0.367665 -0.469261 
0.701132 -0.215245 0.243827 
0.146548 0.474565 0.593588 
-0.077505 0.387425 -0.007980 
0.349646 0.111336 0.000966 
-0.079943 -0.453919 0.140776 
0.037138 -0.318862 -0.355666 
-0.242812 -0.368443 0.365657 
-0.520674 0.075538 0.286104 
0.022516 0.335780 -0.467972 
0.715492 -0.224441 0.258293 
