1.000000 0.000000 0.000000 0.000000 0.000000 
0.000000 1.000000 0.000000 0.000000 0.000000 
0.000000 0.000000 1.000000 0.000000 0.000000 
0.000000 0.000000 0.000000 1.000000 0.000000 
0.000000 0.000000 0.000000 0.000000 1.000000 
0.000000 0.000000 0.000000 0.000000 0.000000 
0.000000 0.000000 0.000000 0.000000 0.000000 
0.000000 0.000000 0.000000 0.000000 0.000000 
0.000000 0.000000 0.000000 0.000000 0.000000 
0.999809 -0.000055 0.000210 -0.000001 0.000039 
-0.000055 0.999754 -0.000045 0.000128 -0.000116 
0.000210 -0.000045 0.999699 0.000054 -0.000138 
-0.000001 0.000128 0.000054 0.999862 -0.000061 
0.000039 -0.000116 -0.000138 -0.000061 0.999626 
0.003082 0.014793 0.006546 -0.000967 0.024228 
-0.010368 -0.002272 0.016045 -0.005649 -0.002121 
-0.011093 0.010168 0.014645 -0.008896 0.002604 
0.011891 0.012865 -0.009317 -0.012807 -0.012210 
0.999237 -0.000219 0.000839 -0.000004 0.000155 
-0.000219 0.999014 -0.000179 0.000513 -0.000465 
0.000839 -0.000179 0.998797 0.000216 -0.000553 
-0.000004 0.000513 0.000216 0.999448 -0.000244 
0.000155 -0.000465 -0.000553 -0.000244 0.998505 
0.006166 0.029572 0.013080 -0.001932 0.048433 
-0.020726 -0.004545 0.032075 -0.011295 -0.004245 
-0.022176 0.020328 0.029274 -0.017786 0.005199 
0.023770 0.025723 -0.018623 -0.025606 -0.024409 
0.998284 -0.000492 0.001887 -0.000009 0.000348 
-0.000492 0.997783 -0.000402 0.001155 -0.001046 
0.001887 -0.000402 0.997294 0.000485 -0.001243 
-0.000009 0.001155 0.000485 0.998758 -0.000548 
0.000348 -0.001046 -0.001243 -0.000548 0.996638 
0.009253 0.044323 0.019593 -0.002893 0.072591 
-0.031062 -0.006818 0.048078 -0.016935 -0.006373 
-0.033241 0.030472 0.043871 -0.026663 0.007778 
0.035629 0.038566 -0.027907 -0.038392 -0.036586 
0.996951 -0.000874 0.003352 -0.000016 0.000618 
-0.000874 0.996060 -0.000714 0.002052 -0.001859 
0.003352 -0.000714 0.995193 0.000863 -0.002208 
-0.000016 0.002052 0.000863 0.997793 -0.000974 
0.000618 -0.001859 -0.002208 -0.000974 0.994027 
0.012346 0.059031 0.026074 -0.003849 0.096681 
-0.041366 -0.009091 0.064040 -0.022566 -0.008509 
-0.044277 0.040592 0.058420 -0.035521 0.010333 
0.047455 0.051387 -0.037156 -0.051155 -0.048729 
0.995240 -0.001366 0.005234 -0.000025 0.000964 
-0.001366 0.993847 -0.001115 0.003205 -0.002902 
0.005234 -0.001115 0.992494 0.001347 -0.003447 
-0.000025 0.003205 0.001347 0.996554 -0.001521 
0.000964 -0.002902 -0.003447 -0.001521 0.990674 
0.015446 0.073683 0.032512 -0.004798 0.120679 
-0.051626 -0.011364 0.079946 -0.028185 -0.010654 
-0.055275 0.050680 0.072905 -0.044354 0.012855 
0.059237 0.064179 -0.046359 -0.063889 -0.060828 
0.993150 -0.001966 0.007529 -0.000035 0.001385 
-0.001966 0.991146 -0.001603 0.004612 -0.004174 
0.007529 -0.001603 0.989202 0.001938 -0.004956 
-0.000035 0.004612 0.001938 0.995040 -0.002190 
0.001385 -0.004174 -0.004956 -0.002190 0.986582 
0.018555 0.088265 0.038896 -0.005737 0.144563 
-0.061833 -0.013639 0.095784 -0.033789 -0.012812 
-0.066226 0.060729 0.087310 -0.053155 0.015337 
0.070967 0.076936 -0.055505 -0.076587 -0.072870 
0.990686 -0.002675 0.010237 -0.000048 0.001880 
-0.002675 0.987959 -0.002177 0.006272 -0.005674 
0.010237 -0.002177 0.985320 0.002636 -0.006735 
-0.000048 0.006272 0.002636 0.993253 -0.002980 
0.001880 -0.005674 -0.006735 -0.002980 0.981755 
0.021675 0.102763 0.045216 -0.006666 0.168309 
-0.071976 -0.015914 0.111539 -0.039376 -0.014983 
-0.077120 0.070729 0.101620 -0.061917 0.017770 
0.082632 0.089648 -0.064583 -0.089241 -0.084846 
0.987848 -0.003492 0.013354 -0.000062 0.002449 
-0.003492 0.984289 -0.002838 0.008185 -0.007400 
0.013354 -0.002838 0.980851 0.003440 -0.008780 
-0.000062 0.008185 0.003440 0.991195 -0.003891 
0.002449 -0.007400 -0.008780 -0.003891 0.976198 
0.024807 0.117163 0.051462 -0.007582 0.191896 
-0.082044 -0.018190 0.127198 -0.044942 -0.017172 
-0.087949 0.080675 0.115818 -0.070636 0.020147 
0.094222 0.102310 -0.073582 -0.101844 -0.096745 
0.984640 -0.004417 0.016877 -0.000078 0.003089 
-0.004417 0.980137 -0.003584 0.010349 -0.009350 
0.016877 -0.003584 0.975801 0.004349 -0.011089 
-0.000078 0.010349 0.004349 0.988866 -0.004923 
0.003089 -0.009350 -0.011089 -0.004923 0.969916 
0.027953 0.131451 0.057622 -0.008484 0.215300 
-0.092026 -0.020467 0.142748 -0.050484 -0.019380 
-0.098703 0.090556 0.129889 -0.079305 0.022460 
0.105727 0.114915 -0.082491 -0.114389 -0.108555 
0.981064 -0.005450 0.020802 -0.000096 0.003800 
-0.005450 0.975508 -0.004413 0.012763 -0.011522 
0.020802 -0.004413 0.970174 0.005362 -0.013658 
-0.000096 0.012763 0.005362 0.986267 -0.006075 
0.003800 -0.011521 -0.013658 -0.006075 0.962915 
0.031116 0.145614 0.063688 -0.009370 0.238501 
-0.101913 -0.022745 0.158175 -0.055999 -0.021608 
-0.109372 0.100367 0.143817 -0.087916 0.024702 
0.117136 0.127454 -0.091298 -0.126869 -0.120265 
0.977123 -0.006591 0.025126 -0.000115 0.004579 
-0.006591 0.970405 -0.005325 0.015424 -0.013912 
0.025126 -0.005325 0.963978 0.006479 -0.016482 
-0.000115 0.015424 0.006479 0.983401 -0.007347 
0.004579 -0.013912 -0.016482 -0.007347 0.955202 
0.034296 0.159638 0.069648 -0.010238 0.261475 
-0.111693 -0.025024 0.173466 -0.061485 -0.023860 
-0.119948 0.110099 0.157588 -0.096465 0.026864 
0.128439 0.139921 -0.099993 -0.139277 -0.131865 
0.972820 -0.007838 0.029844 -0.000136 0.005425 
-0.007838 0.964832 -0.006318 0.018332 -0.016519 
0.029844 -0.006318 0.957217 0.007699 -0.019559 
-0.000136 0.018331 0.007699 0.980269 -0.008738 
0.005425 -0.016519 -0.019559 -0.008738 0.946784 
0.037494 0.173510 0.075493 -0.011087 0.284201 
-0.121357 -0.027305 0.188608 -0.066938 -0.026138 
-0.130422 0.119745 0.171186 -0.104945 0.028939 
0.139627 0.152310 -0.108564 -0.151605 -0.143345 
0.968161 -0.009192 0.034952 -0.000158 0.006336 
-0.009192 0.958794 -0.007389 0.021483 -0.019340 
0.034952 -0.007389 0.949900 0.009021 -0.022883 
-0.000158 0.021483 0.009021 0.976873 -0.010249 
0.006336 -0.019340 -0.022883 -0.010249 0.937669 
0.040714 0.187217 0.081213 -0.011915 0.306657 
-0.130894 -0.029586 0.203588 -0.072356 -0.028443 
-0.140786 0.129297 0.184596 -0.113350 0.030920 
0.150687 0.164612 -0.117003 -0.163847 -0.154694 
0.963148 -0.010652 0.040443 -0.000181 0.007310 
-0.010652 0.952294 -0.008539 0.024876 -0.022370 
0.040443 -0.008539 0.942034 0.010444 -0.026449 
-0.000181 0.024876 0.010444 0.973215 -0.011879 
0.007310 -0.022370 -0.026449 -0.011879 0.927866 
0.043955 0.200745 0.086798 -0.012720 0.328823 
-0.140295 -0.031869 0.218393 -0.077736 -0.030778 
-0.151029 0.138747 0.197803 -0.121675 0.032799 
0.161612 0.176820 -0.125297 -0.175995 -0.165902 
0.957787 -0.012217 0.046314 -0.000206 0.008344 
-0.012217 0.945338 -0.009764 0.028509 -0.025607 
0.046314 -0.009763 0.933627 0.011966 -0.030252 
-0.000205 0.028509 0.011966 0.969297 -0.013627 
0.008344 -0.025607 -0.030252 -0.013627 0.917383 
0.047219 0.214082 0.092240 -0.013501 0.350678 
-0.149550 -0.034153 0.233011 -0.083075 -0.033144 
-0.161144 0.148090 0.210794 -0.129912 0.034570 
0.172390 0.188929 -0.133437 -0.188043 -0.176958 
0.952081 -0.013887 0.052557 -0.000231 0.009436 
-0.013887 0.937932 -0.011062 0.032378 -0.029046 
0.052557 -0.011062 0.924688 0.013587 -0.034286 
-0.000231 0.032378 0.013587 0.965122 -0.015493 
0.009436 -0.029046 -0.034286 -0.015493 0.906231 
0.050508 0.227215 0.097528 -0.014255 0.372200 
-0.158648 -0.036439 0.247429 -0.088371 -0.035543 
-0.171123 0.157317 0.223553 -0.138056 0.036226 
0.183013 0.200930 -0.141413 -0.199984 -0.187852 
0.946037 -0.015661 0.059166 -0.000257 0.010584 
-0.015661 0.930081 -0.012432 0.036482 -0.032683 
0.059166 -0.012432 0.915227 0.015306 -0.038546 
-0.000257 0.036482 0.015306 0.960693 -0.017476 
0.010584 -0.032683 -0.038546 -0.017476 0.894421 
0.053822 0.240132 0.102653 -0.014983 0.393370 
-0.167581 -0.038725 0.261636 -0.093620 -0.037977 
-0.180957 0.166421 0.236067 -0.146103 0.037760 
0.193471 0.212817 -0.149214 -0.211811 -0.198575 
0.939659 -0.017539 0.066135 -0.000284 0.011784 
-0.017539 0.921791 -0.013872 0.040817 -0.036515 
0.066135 -0.013872 0.905254 0.017120 -0.043024 
-0.000284 0.040817 0.017120 0.956011 -0.019576 
0.011784 -0.036515 -0.043024 -0.019576 0.881963 
0.057163 0.252819 0.107608 -0.015682 0.414167 
-0.176338 -0.041013 0.275618 -0.098820 -0.040447 
-0.190637 0.175395 0.248322 -0.154044 0.039166 
0.203754 0.224584 -0.156831 -0.223517 -0.209118 
0.932953 -0.019519 0.073457 -0.000312 0.013035 
-0.019519 0.913070 -0.015378 0.045380 -0.040537 
0.073457 -0.015378 0.894778 0.019029 -0.047713 
-0.000312 0.045380 0.019029 0.951080 -0.021792 
0.013035 -0.040537 -0.047714 -0.021792 0.868870 
0.060532 0.265266 0.112383 -0.016350 0.434573 
-0.184911 -0.043302 0.289365 -0.103968 -0.042956 
-0.200157 0.184233 0.260305 -0.161876 0.040437 
0.213853 0.236223 -0.164255 -0.235096 -0.219469 
0.925925 -0.021602 0.081124 -0.000340 0.014331 
-0.021602 0.903922 -0.016949 0.050169 -0.044743 
0.081124 -0.016949 0.883812 0.021031 -0.052608 
-0.000340 0.050169 0.021031 0.945903 -0.024123 
0.014331 -0.044743 -0.052608 -0.024123 0.855153 
0.063930 0.277460 0.116970 -0.016987 0.454567 
-0.193290 -0.045592 0.302865 -0.109062 -0.045504 
-0.209507 0.192927 0.272001 -0.169592 0.041567 
0.223759 0.247727 -0.171477 -0.246540 -0.229622 
0.918581 -0.023786 0.089129 -0.000368 0.015672 
-0.023786 0.894356 -0.018582 0.055180 -0.049130 
0.089129 -0.018582 0.872366 0.023124 -0.057700 
-0.000368 0.055180 0.023124 0.940482 -0.026569 
0.015672 -0.049129 -0.057700 -0.026569 0.840827 
0.067357 0.289389 0.121361 -0.017590 0.474132 
-0.201467 -0.047883 0.316106 -0.114099 -0.048093 
-0.218682 0.201472 0.283400 -0.177187 0.042550 
0.233463 0.259090 -0.178486 -0.257844 -0.239565 
0.910928 -0.026070 0.097463 -0.000397 0.017053 
-0.026070 0.884379 -0.020274 0.060409 -0.053691 
0.097463 -0.020274 0.860453 0.025307 -0.062982 
-0.000397 0.060408 0.025307 0.934823 -0.029129 
0.017053 -0.053691 -0.062982 -0.029129 0.825903 
0.070815 0.301043 0.125549 -0.018160 0.493249 
-0.209433 -0.050175 0.329078 -0.119076 -0.050724 
-0.227672 0.209861 0.294486 -0.184656 0.043380 
0.242957 0.270305 -0.185275 -0.269001 -0.249291 
0.902973 -0.028454 0.106119 -0.000425 0.018471 
-0.028454 0.873999 -0.022022 0.065852 -0.058421 
0.106119 -0.022022 0.848085 0.027579 -0.068446 
-0.000425 0.065852 0.027579 0.928926 -0.031802 
0.018471 -0.058421 -0.068446 -0.031802 0.810397 
0.074303 0.312410 0.129525 -0.018693 0.511900 
-0.217179 -0.052467 0.341769 -0.123991 -0.053398 
-0.236471 0.218087 0.305250 -0.191993 0.044053 
0.252233 0.281367 -0.191835 -0.280004 -0.258790 
0.894722 -0.030937 0.115086 -0.000454 0.019922 
-0.030937 0.863223 -0.023824 0.071507 -0.063316 
0.115086 -0.023824 0.835274 0.029936 -0.074083 
-0.000453 0.071507 0.029936 0.922798 -0.034587 
0.019922 -0.063316 -0.074083 -0.034587 0.794323 
0.077823 0.323479 0.133284 -0.019190 0.530068 
-0.224697 -0.054760 0.354170 -0.128842 -0.056117 
-0.245072 0.226145 0.315678 -0.199193 0.044563 
0.261281 0.292267 -0.198157 -0.290848 -0.268055 
0.886183 -0.033517 0.124357 -0.000481 0.021403 
-0.033517 0.852060 -0.025677 0.077369 -0.068368 
0.124357 -0.025677 0.822036 0.032379 -0.079884 
-0.000481 0.077369 0.032379 0.916440 -0.037484 
0.021403 -0.068368 -0.079885 -0.037484 0.777696 
0.081375 0.334240 0.136817 -0.019649 0.547736 
-0.231978 -0.057053 0.366270 -0.133626 -0.058880 
-0.253467 0.234029 0.325759 -0.206250 0.044905 
0.270095 0.303000 -0.204234 -0.301525 -0.277077 
0.877364 -0.036193 0.133922 -0.000509 0.022911 
-0.036193 0.840520 -0.027578 0.083434 -0.073573 
0.133922 -0.027577 0.808383 0.034904 -0.085842 
-0.000509 0.083433 0.034904 0.909857 -0.040491 
0.022910 -0.073573 -0.085842 -0.040491 0.760532 
0.084960 0.344683 0.140118 -0.020068 0.564888 
-0.239016 -0.059345 0.378059 -0.138340 -0.061689 
-0.261651 0.241732 0.335483 -0.213161 0.045074 
0.278665 0.313560 -0.210057 -0.312030 -0.285848 
0.868271 -0.038966 0.143772 -0.000535 0.024440 
-0.038966 0.828609 -0.029522 0.089697 -0.078923 
0.143772 -0.029522 0.794329 0.037510 -0.091947 
-0.000535 0.089697 0.037510 0.903053 -0.043608 
0.024440 -0.078923 -0.091947 -0.043608 0.742847 
0.088577 0.354798 0.143181 -0.020448 0.581508 
-0.245802 -0.061637 0.389528 -0.142982 -0.064544 
-0.269617 0.249249 0.344837 -0.219919 0.045067 
0.286986 0.323939 -0.215620 -0.322357 -0.294361 
0.858914 -0.041832 0.153896 -0.000561 0.025988 
-0.041832 0.816339 -0.031508 0.096155 -0.084413 
0.153896 -0.031508 0.779890 0.040194 -0.098189 
-0.000561 0.096155 0.040194 0.896032 -0.046834 
0.025988 -0.084413 -0.098189 -0.046834 0.724658 
0.092226 0.364574 0.146001 -0.020786 0.597579 
-0.252328 -0.063929 0.400667 -0.147550 -0.067446 
-0.277359 0.256575 0.353813 -0.226520 0.044878 
0.295049 0.334133 -0.220916 -0.332500 -0.302608 
0.849301 -0.044792 0.164284 -0.000585 0.027550 
-0.044792 0.803717 -0.033532 0.102803 -0.090036 
0.164284 -0.033532 0.765081 0.042955 -0.104559 
-0.000585 0.102803 0.042955 0.888799 -0.050167 
0.027550 -0.090036 -0.104559 -0.050167 0.705981 
0.095908 0.374003 0.148571 -0.021082 0.613089 
-0.258588 -0.066219 0.411468 -0.152042 -0.070395 
-0.284871 0.263705 0.362399 -0.232960 0.044504 
0.302847 0.344134 -0.225936 -0.342452 -0.310582 
0.839439 -0.047844 0.174926 -0.000608 0.029123 
-0.047844 0.790755 -0.035590 0.109637 -0.095786 
0.174926 -0.035590 0.749917 0.045791 -0.111047 
-0.000608 0.109637 0.045791 0.881357 -0.053607 
0.029123 -0.095786 -0.111047 -0.053607 0.686835 
0.099622 0.383076 0.150887 -0.021335 0.628023 
-0.264575 -0.068508 0.421922 -0.156456 -0.073391 
-0.292146 0.270634 0.370587 -0.239233 0.043941 
0.310374 0.353937 -0.230676 -0.352209 -0.318276 
0.829338 -0.050987 0.185811 -0.000630 0.030701 
-0.050987 0.777462 -0.037680 0.116651 -0.101655 
0.185811 -0.037680 0.734413 0.048699 -0.117643 
-0.000629 0.116651 0.048699 0.873712 -0.057153 
0.030701 -0.101655 -0.117643 -0.057153 0.667238 
0.103369 0.391785 0.152944 -0.021544 0.642366 
-0.270282 -0.070795 0.432020 -0.160789 -0.076435 
-0.299181 0.277356 0.378367 -0.245336 0.043187 
0.317624 0.363537 -0.235128 -0.361765 -0.325684 
0.819006 -0.054219 0.196928 -0.000649 0.032282 
-0.054219 0.763848 -0.039797 0.123841 -0.107637 
0.196928 -0.039797 0.718587 0.051677 -0.124337 
-0.000649 0.123841 0.051677 0.865868 -0.060803 
0.032282 -0.107637 -0.124337 -0.060803 0.647207 
0.107147 0.400120 0.154737 -0.021709 0.656106 
-0.275702 -0.073080 0.441756 -0.165039 -0.079526 
-0.305969 0.283867 0.385731 -0.251264 0.042238 
0.324589 0.372926 -0.239287 -0.371114 -0.332799 
0.808453 -0.057539 0.208266 -0.000667 0.033860 
-0.057539 0.749924 -0.041938 0.131202 -0.113724 
0.208266 -0.041938 0.702455 0.054723 -0.131119 
-0.000667 0.131201 0.054723 0.857829 -0.064556 
0.033859 -0.113724 -0.131119 -0.064555 0.626761 
0.110956 0.408074 0.156262 -0.021828 0.669231 
-0.280829 -0.075362 0.451120 -0.169205 -0.082663 
-0.312506 0.290163 0.392670 -0.257012 0.041092 
0.331264 0.382099 -0.243147 -0.380251 -0.339616 
0.797687 -0.060946 0.219813 -0.000683 0.035431 
-0.060946 0.735700 -0.044099 0.138728 -0.119910 
0.219813 -0.044099 0.686033 0.057834 -0.137977 
-0.000683 0.138728 0.057834 0.849602 -0.068410 
0.035431 -0.119910 -0.137978 -0.068410 0.605920 
0.114796 0.415639 0.157516 -0.021902 0.681729 
-0.285658 -0.077641 0.460106 -0.173284 -0.085848 
-0.318787 0.296239 0.399177 -0.262576 0.039746 
0.337643 0.391051 -0.246703 -0.389170 -0.346129 
0.786720 -0.064438 0.231559 -0.000696 0.036991 
-0.064438 0.721188 -0.046277 0.146415 -0.126186 
0.231559 -0.046277 0.669339 0.061009 -0.144903 
-0.000696 0.146415 0.061009 0.841189 -0.072366 
0.036990 -0.126186 -0.144903 -0.072366 0.584704 
0.118665 0.422809 0.158496 -0.021929 0.693588 
-0.290183 -0.079915 0.468708 -0.177274 -0.089078 
-0.324808 0.302092 0.405243 -0.267954 0.038198 
0.343722 0.399776 -0.249950 -0.397866 -0.352333 
0.775558 -0.068014 0.243490 -0.000707 0.038535 
-0.068014 0.706398 -0.048468 0.154257 -0.132547 
0.243490 -0.048468 0.652390 0.064244 -0.151883 
-0.000707 0.154257 0.064244 0.832598 -0.076421 
0.038535 -0.132546 -0.151883 -0.076421 0.563131 
0.122563 0.429576 0.159197 -0.021908 0.704799 
-0.294398 -0.082186 0.476919 -0.181174 -0.092354 
-0.330564 0.307717 0.410864 -0.273140 0.036447 
0.349494 0.408268 -0.252884 -0.406335 -0.358221 
0.764214 -0.071672 0.255596 -0.000715 0.040059 
-0.071672 0.691342 -0.050668 0.162249 -0.138983 
0.255596 -0.050668 0.635204 0.067538 -0.158908 
-0.000715 0.162249 0.067538 0.823833 -0.080574 
0.040059 -0.138982 -0.158908 -0.080573 0.541223 
0.126489 0.435934 0.159619 -0.021841 0.715351 
-0.298298 -0.084451 0.484732 -0.184981 -0.095674 
-0.336052 0.313112 0.416031 -0.278131 0.034491 
0.354955 0.416523 -0.255500 -0.414571 -0.363791 
0.752696 -0.075411 0.267864 -0.000720 0.041558 
-0.075411 0.676032 -0.052874 0.170386 -0.145487 
0.267864 -0.052874 0.617799 0.070887 -0.165967 
-0.000720 0.170386 0.070887 0.814898 -0.084823 
0.041558 -0.145487 -0.165967 -0.084823 0.518999 
0.130441 0.441877 0.159758 -0.021726 0.725235 
-0.301880 -0.086711 0.492143 -0.188695 -0.099038 
-0.341268 0.318272 0.420739 -0.282923 0.032329 
0.360101 0.424534 -0.257796 -0.422570 -0.369036 
0.741015 -0.079229 0.280282 -0.000722 0.043028 
-0.079229 0.660479 -0.055082 0.178661 -0.152052 
0.280282 -0.055081 0.600193 0.074290 -0.173048 
-0.000721 0.178661 0.074290 0.805801 -0.089168 
0.043028 -0.152051 -0.173048 -0.089167 0.496481 
0.134419 0.447399 0.159614 -0.021562 0.734442 
-0.305137 -0.088964 0.499145 -0.192313 -0.102444 
-0.346210 0.323195 0.424983 -0.287514 0.029960 
0.364926 0.432297 -0.259766 -0.430327 -0.373955 
0.729181 -0.083124 0.292837 -0.000720 0.044465 
-0.083124 0.644696 -0.057287 0.187069 -0.158669 
0.292837 -0.057287 0.582404 0.077743 -0.180140 
-0.000720 0.187069 0.077743 0.796546 -0.093606 
0.044465 -0.158669 -0.180140 -0.093606 0.473688 
0.138420 0.452495 0.159184 -0.021350 0.742965 
-0.308066 -0.091211 0.505735 -0.195834 -0.105891 
-0.350873 0.327878 0.428758 -0.291899 0.027385 
0.369429 0.439807 -0.261409 -0.437837 -0.378541 
0.717204 -0.087094 0.305517 -0.000715 0.045863 
-0.087094 0.628693 -0.059486 0.195604 -0.165331 
0.305517 -0.059486 0.564451 0.081244 -0.187232 
-0.000715 0.195604 0.081244 0.787139 -0.098136 
0.045863 -0.165331 -0.187232 -0.098136 0.450644 
0.142443 0.457160 0.158469 -0.021090 0.750797 
-0.310664 -0.093449 0.511908 -0.199256 -0.109377 
-0.355256 0.332318 0.432059 -0.296076 0.024603 
0.373604 0.447059 -0.262721 -0.445096 -0.382793 
0.705095 -0.091138 0.318309 -0.000706 0.047218 
-0.091138 0.612485 -0.061676 0.204261 -0.172031 
0.318309 -0.061675 0.546352 0.084791 -0.194313 
-0.000706 0.204260 0.084791 0.777586 -0.102757 
0.047218 -0.172030 -0.194313 -0.102757 0.427368 
0.146487 0.461390 0.157467 -0.020781 0.757932 
-0.312926 -0.095679 0.517659 -0.202578 -0.112902 
-0.359355 0.336512 0.434883 -0.300042 0.021613 
0.377449 0.454048 -0.263701 -0.452100 -0.386707 
0.701434 -0.092367 0.322171 -0.000702 0.047616 
-0.092367 0.607579 -0.062331 0.206883 -0.174048 
0.322171 -0.062330 0.540891 0.085864 -0.196435 
-0.000702 0.206883 0.085864 0.774689 -0.104162 
0.047616 -0.174048 -0.196435 -0.104162 0.420336 
0.147705 0.462575 0.157110 -0.020679 0.759937 
-0.313539 -0.096347 0.519303 -0.203556 -0.113967 
-0.360531 0.337723 0.435637 -0.301191 0.020676 
0.378538 0.456095 -0.263930 -0.454153 -0.387815 
0.707617 -0.119936 0.311126 0.002393 0.085300 
-0.112014 0.625804 -0.033804 0.210086 -0.183489 
0.300683 -0.015270 0.572268 0.077548 -0.255797 
0.006205 0.223473 0.085083 0.763929 -0.109052 
0.014066 -0.074764 -0.129352 -0.131420 0.348376 
0.156967 0.448939 0.142845 -0.012534 0.767399 
-0.309109 -0.075116 0.528299 -0.199276 -0.108308 
-0.359451 0.324166 0.427279 -0.312170 0.026184 
0.383005 0.475341 -0.261771 -0.460073 -0.398809 
0.703754 -0.119608 0.318879 -0.000881 0.099608 
-0.124354 0.622751 -0.019357 0.218028 -0.175476 
0.297376 -0.019717 0.569173 0.080883 -0.272524 
0.016055 0.231790 0.078693 0.754704 -0.107127 
0.012015 -0.065172 -0.122164 -0.138186 0.350438 
0.161155 0.448887 0.137656 -0.007560 0.762518 
-0.301448 -0.062089 0.531460 -0.193117 -0.095835 
-0.361162 0.318941 0.424257 -0.325002 0.024480 
0.391345 0.482115 -0.267347 -0.462892 -0.399395 
0.699725 -0.119452 0.326676 -0.004131 0.113769 
-0.136799 0.619519 -0.004912 0.225896 -0.167489 
0.294132 -0.024167 0.566002 0.084135 -0.289243 
0.025938 0.240070 0.072205 0.745143 -0.105215 
0.009928 -0.055651 -0.115023 -0.144877 0.352302 
0.165201 0.448396 0.132183 -0.002564 0.756911 
-0.293495 -0.048942 0.534348 -0.186978 -0.083466 
-0.362708 0.313653 0.420965 -0.337767 0.022523 
0.399247 0.488651 -0.272478 -0.465396 -0.399709 
0.695533 -0.119472 0.334508 -0.007355 0.127768 
-0.149337 0.616113 0.009516 0.233682 -0.159539 
0.290953 -0.028614 0.562761 0.087303 -0.305940 
0.035844 0.248306 0.065625 0.735252 -0.103316 
0.007805 -0.046207 -0.107932 -0.151490 0.353962 
0.169100 0.447469 0.126432 0.002452 0.750584 
-0.285256 -0.035684 0.536961 -0.180863 -0.071214 
-0.364089 0.308302 0.417407 -0.350460 0.020316 
0.406701 0.494944 -0.277160 -0.467581 -0.399750 
0.691182 -0.119669 0.342365 -0.010555 0.141593 
-0.161957 0.612535 0.023912 0.241379 -0.151637 
0.287840 -0.033050 0.559455 0.090386 -0.322600 
0.045763 0.256490 0.058962 0.725038 -0.101432 
0.005644 -0.036844 -0.100893 -0.158025 0.355411 
0.172851 0.446107 0.120408 0.007488 0.743543 
-0.276737 -0.022326 0.539294 -0.174772 -0.059093 
-0.365307 0.302891 0.413586 -0.363075 0.017866 
0.413702 0.500989 -0.281388 -0.469444 -0.399518 
0.686677 -0.120046 0.350238 -0.013731 0.155231 
-0.174646 0.608789 0.038262 0.248981 -0.143792 
0.284795 -0.037468 0.556092 0.093382 -0.339208 
0.055687 0.264615 0.052220 0.714508 -0.099563 
0.003447 -0.027565 -0.093912 -0.164477 0.356643 
0.176450 0.444310 0.114117 0.012543 0.735797 
-0.267942 -0.008880 0.541343 -0.168706 -0.047115 
-0.366361 0.297424 0.409506 -0.375605 0.015175 
0.420243 0.506783 -0.285157 -0.470984 -0.399013 
